M 34 0 2 0 3
M 58 0 -2 0 3
M 76 0 -3 0 0
M 90 0 -2 0 -2
M 96 0 0 0 -1
M 97 0 0 0 -1
M 101 0 0 0 -1
M 102 0 0 0 -1
M 108 0 0 0 -1
M 112 0 1 0 -1
M 113 0 1 0 -1
M 118 0 1 0 0
M 120 0 1 0 0
M 132 0 0 0 0
M 136 0 0 0 0
M 137 0 -1 0 0
M 138 0 -1 0 0
M 140 0 -1 0 1
M 141 0 -2 0 1
M 144 0 -2 0 1
M 145 0 -2 0 1
M 150 0 -2 0 1
M 154 0 -2 0 1
M 160 0 -2 0 1
M 164 0 -3 0 1
M 168 0 -3 0 0
M 169 0 -3 0 0
M 172 0 -3 0 0
M 173 0 -3 0 -1
M 174 0 -2 0 -1
M 177 0 -1 0 -1
M 178 0 -1 0 -1
M 181 0 0 0 -2
M 182 0 0 0 -2
M 188 0 0 0 0
M 192 0 0 0 0
M 193 0 0 0 0
M 201 0 0 0 0
M 202 0 0 0 1
M 212 0 -1 0 1
M 217 0 -2 0 0
M 218 0 -2 0 0
M 224 0 -3 0 0
M 232 0 -4 0 0
M 233 0 -3 0 0
M 241 0 -3 0 0
M 242 0 -3 0 0
M 246 0 -3 0 0
M 248 0 -2 0 0
M 250 0 0 0 -1
M 252 0 0 0 -1
M 256 0 0 0 -1
M 257 0 0 0 -1
M 260 0 0 0 -2
M 261 0 0 0 -2
M 264 0 0 0 -2
M 265 0 0 0 -2
M 266 0 0 0 -2
M 269 0 0 0 -2
M 270 0 0 0 -2
M 274 0 -1 0 -2
M 280 0 -1 0 -2
M 284 0 -2 0 -1
M 288 0 -3 0 0
M 292 0 -3 0 0
M 293 0 -3 0 0
M 300 0 -2 0 0
M 308 0 -1 0 2
M 312 0 0 0 2
M 313 0 0 0 2
M 321 0 1 0 1
M 322 0 1 0 1
M 328 0 0 0 0
M 329 0 0 0 0
M 330 0 0 0 0
M 336 0 -2 0 0
M 337 0 -3 0 0
M 341 0 -5 0 0
M 342 0 -5 0 0
M 346 0 -5 0 0
M 370 0 0 0 2
M 374 0 0 0 2
M 404 0 1 0 3
M 405 0 1 0 3
M 409 0 1 0 3
M 410 0 1 0 3
M 413 0 0 0 3
M 414 0 0 0 3
M 418 0 -1 0 3
M 420 0 -1 0 3
M 428 0 -1 0 3
M 433 0 -1 0 3
M 438 0 0 0 4
M 440 0 0 0 4
M 452 0 1 0 4
M 453 0 1 0 4
M 460 0 1 0 1
M 461 0 1 0 1
M 480 0 2 0 0
M 968 0 -4 0 -1
M 969 0 -4 0 -1
M 973 0 -4 0 -1
M 974 0 -3 0 -1
M 978 0 -2 1 0
M 980 0 -1 1 0
M 984 0 -1 1 0
M 990 0 -2 1 0
M 994 0 -3 0 0
M 996 0 -3 0 -1
M 1000 0 -2 0 -1
M 1004 0 -1 0 -1
M 1005 0 -1 0 -1
M 1006 0 -1 0 -1
M 1008 0 -1 0 -1
M 1009 0 -1 0 -1
M 1010 0 -1 0 -1
M 1013 0 -1 0 -1
M 1014 0 -1 0 -1
M 1020 0 -1 0 -1
M 1024 0 -1 0 -2
M 1028 0 -2 0 -1
M 1029 0 -2 0 -1
M 1033 0 -3 0 -1
M 1034 0 -3 0 -1
M 1038 0 -3 0 -1
M 1044 0 -3 0 -1
M 1045 0 -3 0 -1
M 1061 0 0 0 1
M 1092 0 0 0 1
M 1093 0 0 0 1
M 1094 0 0 0 1
M 1098 0 1 0 1
M 1102 0 1 0 2
M 1104 0 1 0 2
M 1110 0 1 0 2
M 1116 0 1 0 2
M 1126 0 0 0 0
M 1132 0 0 0 0
M 1138 0 0 0 0
M 1144 0 -2 1 0
M 1148 0 -2 1 0
M 1152 0 -2 0 0
M 1153 0 -3 0 0
M 1157 0 -3 0 -1
M 1158 0 -3 0 -1
M 1161 0 -3 0 -1
M 1162 0 -3 0 -1
M 1166 0 -1 0 -2
M 1168 0 -1 0 -2
M 1172 0 0 0 -2
M 1173 0 0 0 -2
M 1176 0 0 0 -2
M 1177 0 0 0 -2
M 1180 0 0 0 -3
M 1181 0 0 0 -3
M 1182 0 0 0 -3
M 1192 0 0 0 3
M 1196 0 0 0 3
M 1201 0 -1 0 3
M 1202 0 -1 0 3
M 1212 0 7 0 -2
M 1213 0 7 0 -2
M 1216 0 7 0 -2
M 1217 0 7 0 -2
M 1224 0 6 0 -1
M 1232 0 6 0 0
M 1245 0 4 0 1
M 1246 0 4 0 1
M 1249 0 4 0 1
M 1250 0 4 0 1
